#,-180,-90,20,10,18,18,180,90,#
0,0,0,5520,0
1,0,1,5494,212709
2,0,2,5502,424376
3,0,3,5521,637139
4,0,4,5457,851881
5,0,5,5513,1064106
6,0,6,5540,1278956
7,0,7,5544,1496617
8,0,8,5363,1715081
9,0,9,5518,1924072
10,0,10,5388,2133510
11,0,11,5476,2340459
12,0,12,5499,2550223
13,0,13,5540,2758981
14,0,14,5430,2968957
15,0,15,5401,3174774
16,0,16,5657,3378271
17,0,17,5434,3590602
18,1,0,5375,3794483
19,1,1,5425,4001578
20,1,2,5549,4210630
21,1,3,5494,4425209
22,1,4,5476,4638906
23,1,5,5553,4851932
24,1,6,5455,5068355
25,1,7,5418,5282603
26,1,8,5548,5496188
27,1,9,5426,5712283
28,1,10,5528,5918125
29,1,11,5417,6130483
30,1,12,5560,6337944
31,1,13,5502,6549068
32,1,14,5445,6757445
33,1,15,5441,6963765
34,1,16,5564,7168684
35,1,17,5479,7377397
36,2,0,5526,7582986
37,2,1,5446,7796186
38,2,2,5553,8006288
39,2,3,5494,8221368
40,2,4,5445,8435535
41,2,5,5436,8647726
42,2,6,5583,8859932
43,2,7,5456,9079630
44,2,8,5463,9294949
45,2,9,5494,9508035
46,2,10,5526,9716871
47,2,11,5514,9929556
48,2,12,5520,10140979
49,2,13,5503,10350969
50,2,14,5421,10559871
51,2,15,5500,10765638
52,2,16,5632,10973233
53,2,17,5614,11184987
54,3,0,5356,11395969
55,3,1,5478,11603098
56,3,2,5343,11814996
57,3,3,5553,12022519
58,3,4,5475,12239399
59,3,5,5466,12453273
60,3,6,5426,12667282
61,3,7,5622,12881351
62,3,8,5487,13103785
63,3,9,5490,13318301
64,3,10,5387,13527558
65,3,11,5444,13735346
66,3,12,5525,13944548
67,3,13,5587,14155152
68,3,14,5567,14367788
69,3,15,5445,14579620
70,3,16,5684,14785614
71,3,17,5557,14999738
72,4,0,5496,15209249
73,4,1,5386,15416405
74,4,2,5483,15619361
75,4,3,5522,15826735
76,4,4,5497,16036813
77,4,5,5480,16245937
78,4,6,5640,16454921
79,4,7,5582,16671854
80,4,8,5574,16887091
81,4,9,5516,17099549
82,4,10,5477,17304380
83,4,11,5475,17510076
84,4,12,5530,17715128
85,4,13,5457,17920439
86,4,14,5433,18122784
87,4,15,5460,18324006
88,4,16,5528,18525145
89,4,17,5404,18727950
90,5,0,5496,18926240
91,5,1,5353,19133767
92,5,2,5500,19335897
93,5,3,5496,19544393
94,5,4,5504,19754023
95,5,5,5549,19963861
96,5,6,5587,20175760
97,5,7,5605,20390996
98,5,8,5437,20607584
99,5,9,5432,20815160
100,5,10,5428,21017122
101,5,11,5530,21221484
102,5,12,5440,21428983
103,5,13,5491,21631478
104,5,14,5550,21835276
105,5,15,5635,22041394
106,5,16,5454,22249306
107,5,17,5530,22449820
108,6,0,5501,22653064
109,6,1,5442,22862475
110,6,2,5520,23069550
111,6,3,5605,23280470
112,6,4,5429,23495846
113,6,5,5618,23704450
114,6,6,5612,23920765
115,6,7,5375,24138639
116,6,8,5550,24348017
117,6,9,5310,24561630
118,6,10,5466,24760693
119,6,11,5601,24968015
120,6,12,5436,25179808
121,6,13,5499,25383617
122,6,14,5442,25589441
123,6,15,5501,25793170
124,6,16,5577,25997759
125,6,17,5325,26204379
126,7,0,5454,26401674
127,7,1,5478,26610501
128,7,2,5359,26820245
129,7,3,5528,27026179
130,7,4,5544,27239949
131,7,5,5307,27454278
132,7,6,5388,27659910
133,7,7,5559,27870341
134,7,8,5581,28088062
135,7,9,5636,28304052
136,7,10,5414,28516623
137,7,11,5543,28723284
138,7,12,5518,28934132
139,7,13,5504,29142348
140,7,14,5576,29349684
141,7,15,5515,29559594
142,7,16,5528,29766055
143,7,17,5535,29972140
144,8,0,5484,30178520
145,8,1,5525,30388819
146,8,2,5482,30600607
147,8,3,5502,30811535
148,8,4,5508,31024547
149,8,5,5505,31237656
150,8,6,5548,31451107
151,8,7,5488,31667926
152,8,8,5538,31883072
153,8,9,5550,32097861
154,8,10,5512,32307524
155,8,11,5482,32518175
156,8,12,5423,32727123
157,8,13,5618,32932011
158,8,14,5429,33143829
159,8,15,5589,33348542
160,8,16,5543,33558058
161,8,17,5443,33765024
162,9,0,5396,33968345
163,9,1,5483,34169867
164,9,2,5446,34374555
165,9,3,5503,34578561
166,9,4,5579,34786031
167,9,5,5352,34996390
168,9,6,5525,35198626
169,9,7,5559,35409076
170,9,8,5582,35621543
171,9,9,5420,35832319
172,9,10,5500,36031640
173,9,11,5416,36236368
174,9,12,5411,36437242
175,9,13,5411,36636260
176,9,14,5560,36834855
177,9,15,5491,37038904
178,9,16,5456,37239227
179,9,17,5585,37437427
180,10,0,5499,37640352
181,10,1,5511,37845382
182,10,2,5490,38050975
183,10,3,5495,38256490
184,10,4,5408,38463568
185,10,5,5529,38667238
186,10,6,5485,38875806
187,10,7,5487,39084485
188,10,8,5518,39293940
189,10,9,5401,39502091
190,10,10,5405,39700389
191,10,11,5361,39901451
192,10,12,5588,40100195
193,10,13,5447,40305475
194,10,14,5550,40505279
195,10,15,5534,40708849
196,10,16,5548,40910449
197,10,17,5483,41111789
198,11,0,5693,41310774
199,11,1,5412,41521761
200,11,2,5500,41722363
201,11,3,5404,41926912
202,11,4,5489,42129152
203,11,5,5570,42334529
204,11,6,5487,42543385
205,11,7,5596,42750856
206,11,8,5692,42963072
207,11,9,5437,43176361
208,11,10,5422,43374693
209,11,11,5444,43575012
210,11,12,5540,43775424
211,11,13,5647,43977671
212,11,14,5498,44183273
213,11,15,5686,44383657
214,11,16,5470,44589469
215,11,17,5546,44786797
216,12,0,5491,44986642
217,12,1,5649,45188544
218,12,2,5541,45396171
219,12,3,5348,45600754
220,12,4,5535,45799350
221,12,5,5583,46004926
222,12,6,5512,46212667
223,12,7,5520,46419403
224,12,8,5534,46627102
225,12,9,5516,46832877
226,12,10,5566,47032639
227,12,11,5514,47236549
228,12,12,5485,47437976
229,12,13,5565,47636524
230,12,14,5374,47837561
231,12,15,5535,48031749
232,12,16,5477,48230449
233,12,17,5363,48426396
234,13,0,5515,48618120
235,13,1,5619,48820377
236,13,2,5471,49026491
237,13,3,5478,49228053
238,13,4,5558,49431055
239,13,5,5588,49636960
240,13,6,5478,49844444
241,13,7,5418,50049477
242,13,8,5562,50252965
243,13,9,5483,50459389
244,13,10,5665,50657414
245,13,11,5581,50864546
246,13,12,5621,51067896
247,13,13,5553,51270997
248,13,14,5473,51471278
249,13,15,5573,51668667
250,13,16,5373,51868402
251,13,17,5505,52060065
252,14,0,5523,52256472
253,14,1,5483,52464575
254,14,2,5509,52671212
255,14,3,5492,52879628
256,14,4,5600,53088614
257,14,5,5427,53301717
258,14,6,5476,53508645
259,14,7,5400,53719200
260,14,8,5631,53927445
261,14,9,5534,54142077
262,14,10,5590,54347441
263,14,11,5597,54557491
264,14,12,5501,54767202
265,14,13,5435,54971391
266,14,14,5425,55172761
267,14,15,5542,55373740
268,14,16,5559,55577955
269,14,17,5485,55781860
270,15,0,5506,55982988
271,15,1,5403,56190010
272,15,2,5562,56393069
273,15,3,5358,56602920
274,15,4,5664,56806252
275,15,5,5535,57021181
276,15,6,5545,57231670
277,15,7,5539,57444347
278,15,8,5646,57657429
279,15,9,5526,57872139
280,15,10,5479,58076669
281,15,11,5553,58281981
282,15,12,5507,58489464
283,15,13,5560,58693418
284,15,14,5430,58898981
285,15,15,5587,59099712
286,15,16,5521,59304936
287,15,17,5564,59506906
288,16,0,5576,59710512
289,16,1,5484,59919698
290,16,2,5374,60125503
291,16,3,5519,60328055
292,16,4,5605,60537252
293,16,5,5517,60749739
294,16,6,5460,60959144
295,16,7,5522,61168230
296,16,8,5488,61380301
297,16,9,5562,61588680
298,16,10,5456,61794118
299,16,11,5531,61998188
300,16,12,5535,62204442
301,16,13,5485,62409047
302,16,14,5501,62611426
303,16,15,5558,62814389
304,16,16,5357,63018215
305,16,17,5459,63213924
306,17,0,5556,63413331
307,17,1,5517,63621923
308,17,2,5441,63828886
309,17,3,5593,64033913
310,17,4,5492,64245894
311,17,5,5427,64454042
312,17,6,5421,64660162
313,17,7,5306,64867806
314,17,8,5475,65071640
315,17,9,5497,65279345
316,17,10,5613,65482433
317,17,11,5492,65692432
318,17,12,5580,65897270
319,17,13,5447,66103562
320,17,14,5480,66304537
321,17,15,5499,66506754
322,17,16,5575,66708408
323,17,17,5390,66912013
